1 2 3 4 5 6 7 8 
9 10 11 12 13 14 15 16 
17 18 19 20 21 22 23 24 
25 26 27 28 29 30 31 32 
33 34 35 36 37 38 39 40 
41 42 43 44 45 46 47 48 
49 50 51 52 53 54 55 56 
57 58 59 60 61 62 63 64 
-1 -9 
-1 -17 
-1 -25 
-1 -33 
-1 -41 
-1 -49 
-1 -57 
-9 -17 
-9 -25 
-9 -33 
-9 -41 
-9 -49 
-9 -57 
-17 -25 
-17 -33 
-17 -41 
-17 -49 
-17 -57 
-25 -33 
-25 -41 
-25 -49 
-25 -57 
-33 -41 
-33 -49 
-33 -57 
-41 -49 
-41 -57 
-49 -57 
-2 -10 
-2 -18 
-2 -26 
-2 -34 
-2 -42 
-2 -50 
-2 -58 
-10 -18 
-10 -26 
-10 -34 
-10 -42 
-10 -50 
-10 -58 
-18 -26 
-18 -34 
-18 -42 
-18 -50 
-18 -58 
-26 -34 
-26 -42 
-26 -50 
-26 -58 
-34 -42 
-34 -50 
-34 -58 
-42 -50 
-42 -58 
-50 -58 
-3 -11 
-3 -19 
-3 -27 
-3 -35 
-3 -43 
-3 -51 
-3 -59 
-11 -19 
-11 -27 
-11 -35 
-11 -43 
-11 -51 
-11 -59 
-19 -27 
-19 -35 
-19 -43 
-19 -51 
-19 -59 
-27 -35 
-27 -43 
-27 -51 
-27 -59 
-35 -43 
-35 -51 
-35 -59 
-43 -51 
-43 -59 
-51 -59 
-4 -12 
-4 -20 
-4 -28 
-4 -36 
-4 -44 
-4 -52 
-4 -60 
-12 -20 
-12 -28 
-12 -36 
-12 -44 
-12 -52 
-12 -60 
-20 -28 
-20 -36 
-20 -44 
-20 -52 
-20 -60 
-28 -36 
-28 -44 
-28 -52 
-28 -60 
-36 -44 
-36 -52 
-36 -60 
-44 -52 
-44 -60 
-52 -60 
-5 -13 
-5 -21 
-5 -29 
-5 -37 
-5 -45 
-5 -53 
-5 -61 
-13 -21 
-13 -29 
-13 -37 
-13 -45 
-13 -53 
-13 -61 
-21 -29 
-21 -37 
-21 -45 
-21 -53 
-21 -61 
-29 -37 
-29 -45 
-29 -53 
-29 -61 
-37 -45 
-37 -53 
-37 -61 
-45 -53 
-45 -61 
-53 -61 
-6 -14 
-6 -22 
-6 -30 
-6 -38 
-6 -46 
-6 -54 
-6 -62 
-14 -22 
-14 -30 
-14 -38 
-14 -46 
-14 -54 
-14 -62 
-22 -30 
-22 -38 
-22 -46 
-22 -54 
-22 -62 
-30 -38 
-30 -46 
-30 -54 
-30 -62 
-38 -46 
-38 -54 
-38 -62 
-46 -54 
-46 -62 
-54 -62 
-7 -15 
-7 -23 
-7 -31 
-7 -39 
-7 -47 
-7 -55 
-7 -63 
-15 -23 
-15 -31 
-15 -39 
-15 -47 
-15 -55 
-15 -63 
-23 -31 
-23 -39 
-23 -47 
-23 -55 
-23 -63 
-31 -39 
-31 -47 
-31 -55 
-31 -63 
-39 -47 
-39 -55 
-39 -63 
-47 -55 
-47 -63 
-55 -63 
-8 -16 
-8 -24 
-8 -32 
-8 -40 
-8 -48 
-8 -56 
-8 -64 
-16 -24 
-16 -32 
-16 -40 
-16 -48 
-16 -56 
-16 -64 
-24 -32 
-24 -40 
-24 -48 
-24 -56 
-24 -64 
-32 -40 
-32 -48 
-32 -56 
-32 -64 
-40 -48 
-40 -56 
-40 -64 
-48 -56 
-48 -64 
-56 -64 
-1 -10 
-2 -11 
-3 -12 
-4 -13 
-5 -14 
-6 -15 
-7 -16 
-1 -18 
-2 -19 
-3 -20 
-4 -21 
-5 -22 
-6 -23 
-7 -24 
-1 -26 
-2 -27 
-3 -28 
-4 -29 
-5 -30 
-6 -31 
-7 -32 
-1 -34 
-2 -35 
-3 -36 
-4 -37 
-5 -38 
-6 -39 
-7 -40 
-1 -50 
-2 -51 
-3 -52 
-4 -53 
-5 -54 
-6 -55 
-7 -56 
-1 -58 
-2 -59 
-3 -60 
-4 -61 
-5 -62 
-6 -63 
-7 -64 
-9 -26 
-10 -27 
-11 -28 
-12 -29 
-13 -30 
-14 -31 
-15 -32 
-9 -42 
-10 -43 
-11 -44 
-12 -45 
-13 -46 
-14 -47 
-15 -48 
-9 -50 
-10 -51 
-11 -52 
-12 -53 
-13 -54 
-14 -55 
-15 -56 
-9 -58 
-10 -59 
-11 -60 
-12 -61 
-13 -62 
-14 -63 
-15 -64 
-17 -2 
-18 -3 
-19 -4 
-20 -5 
-21 -6 
-22 -7 
-23 -8 
-17 -10 
-18 -11 
-19 -12 
-20 -13 
-21 -14 
-22 -15 
-23 -16 
-17 -26 
-18 -27 
-19 -28 
-20 -29 
-21 -30 
-22 -31 
-23 -32 
-17 -34 
-18 -35 
-19 -36 
-20 -37 
-21 -38 
-22 -39 
-23 -40 
-17 -42 
-18 -43 
-19 -44 
-20 -45 
-21 -46 
-22 -47 
-23 -48 
-17 -58 
-18 -59 
-19 -60 
-20 -61 
-21 -62 
-22 -63 
-23 -64 
-25 -2 
-26 -3 
-27 -4 
-28 -5 
-29 -6 
-30 -7 
-31 -8 
-25 -10 
-26 -11 
-27 -12 
-28 -13 
-29 -14 
-30 -15 
-31 -16 
-25 -34 
-26 -35 
-27 -36 
-28 -37 
-29 -38 
-30 -39 
-31 -40 
-25 -42 
-26 -43 
-27 -44 
-28 -45 
-29 -46 
-30 -47 
-31 -48 
-25 -58 
-26 -59 
-27 -60 
-28 -61 
-29 -62 
-30 -63 
-31 -64 
-33 -10 
-34 -11 
-35 -12 
-36 -13 
-37 -14 
-38 -15 
-39 -16 
-33 -18 
-34 -19 
-35 -20 
-36 -21 
-37 -22 
-38 -23 
-39 -24 
-33 -26 
-34 -27 
-35 -28 
-36 -29 
-37 -30 
-38 -31 
-39 -32 
-33 -42 
-34 -43 
-35 -44 
-36 -45 
-37 -46 
-38 -47 
-39 -48 
-33 -50 
-34 -51 
-35 -52 
-36 -53 
-37 -54 
-38 -55 
-39 -56 
-33 -58 
-34 -59 
-35 -60 
-36 -61 
-37 -62 
-38 -63 
-39 -64 
-41 -2 
-42 -3 
-43 -4 
-44 -5 
-45 -6 
-46 -7 
-47 -8 
-41 -10 
-42 -11 
-43 -12 
-44 -13 
-45 -14 
-46 -15 
-47 -16 
-41 -26 
-42 -27 
-43 -28 
-44 -29 
-45 -30 
-46 -31 
-47 -32 
-41 -34 
-42 -35 
-43 -36 
-44 -37 
-45 -38 
-46 -39 
-47 -40 
-49 -2 
-50 -3 
-51 -4 
-52 -5 
-53 -6 
-54 -7 
-55 -8 
-49 -10 
-50 -11 
-51 -12 
-52 -13 
-53 -14 
-54 -15 
-55 -16 
-49 -34 
-50 -35 
-51 -36 
-52 -37 
-53 -38 
-54 -39 
-55 -40 
-49 -42 
-50 -43 
-51 -44 
-52 -45 
-53 -46 
-54 -47 
-55 -48 
-49 -58 
-50 -59 
-51 -60 
-52 -61 
-53 -62 
-54 -63 
-55 -64 
-57 -2 
-58 -3 
-59 -4 
-60 -5 
-61 -6 
-62 -7 
-63 -8 
-57 -10 
-58 -11 
-59 -12 
-60 -13 
-61 -14 
-62 -15 
-63 -16 
-57 -18 
-58 -19 
-59 -20 
-60 -21 
-61 -22 
-62 -23 
-63 -24 
-57 -26 
-58 -27 
-59 -28 
-60 -29 
-61 -30 
-62 -31 
-63 -32 
-57 -34 
-58 -35 
-59 -36 
-60 -37 
-61 -38 
-62 -39 
-63 -40 
-57 -42 
-58 -43 
-59 -44 
-60 -45 
-61 -46 
-62 -47 
-63 -48 
1 9 17 25 33 41 49 57 
2 10 18 26 34 42 50 58 
3 11 19 27 35 43 51 59 
4 12 20 28 36 44 52 60 
5 13 21 29 37 45 53 61 
6 14 22 30 38 46 54 62 
7 15 23 31 39 47 55 63 
8 16 24 32 40 48 56 64 
-1 -2 
-1 -3 
-1 -4 
-1 -5 
-1 -6 
-1 -7 
-1 -8 
-2 -3 
-2 -4 
-2 -5 
-2 -6 
-2 -7 
-2 -8 
-3 -4 
-3 -5 
-3 -6 
-3 -7 
-3 -8 
-4 -5 
-4 -6 
-4 -7 
-4 -8 
-5 -6 
-5 -7 
-5 -8 
-6 -7 
-6 -8 
-7 -8 
-9 -10 
-9 -11 
-9 -12 
-9 -13 
-9 -14 
-9 -15 
-9 -16 
-10 -11 
-10 -12 
-10 -13 
-10 -14 
-10 -15 
-10 -16 
-11 -12 
-11 -13 
-11 -14 
-11 -15 
-11 -16 
-12 -13 
-12 -14 
-12 -15 
-12 -16 
-13 -14 
-13 -15 
-13 -16 
-14 -15 
-14 -16 
-15 -16 
-17 -18 
-17 -19 
-17 -20 
-17 -21 
-17 -22 
-17 -23 
-17 -24 
-18 -19 
-18 -20 
-18 -21 
-18 -22 
-18 -23 
-18 -24 
-19 -20 
-19 -21 
-19 -22 
-19 -23 
-19 -24 
-20 -21 
-20 -22 
-20 -23 
-20 -24 
-21 -22 
-21 -23 
-21 -24 
-22 -23 
-22 -24 
-23 -24 
-25 -26 
-25 -27 
-25 -28 
-25 -29 
-25 -30 
-25 -31 
-25 -32 
-26 -27 
-26 -28 
-26 -29 
-26 -30 
-26 -31 
-26 -32 
-27 -28 
-27 -29 
-27 -30 
-27 -31 
-27 -32 
-28 -29 
-28 -30 
-28 -31 
-28 -32 
-29 -30 
-29 -31 
-29 -32 
-30 -31 
-30 -32 
-31 -32 
-33 -34 
-33 -35 
-33 -36 
-33 -37 
-33 -38 
-33 -39 
-33 -40 
-34 -35 
-34 -36 
-34 -37 
-34 -38 
-34 -39 
-34 -40 
-35 -36 
-35 -37 
-35 -38 
-35 -39 
-35 -40 
-36 -37 
-36 -38 
-36 -39 
-36 -40 
-37 -38 
-37 -39 
-37 -40 
-38 -39 
-38 -40 
-39 -40 
-41 -42 
-41 -43 
-41 -44 
-41 -45 
-41 -46 
-41 -47 
-41 -48 
-42 -43 
-42 -44 
-42 -45 
-42 -46 
-42 -47 
-42 -48 
-43 -44 
-43 -45 
-43 -46 
-43 -47 
-43 -48 
-44 -45 
-44 -46 
-44 -47 
-44 -48 
-45 -46 
-45 -47 
-45 -48 
-46 -47 
-46 -48 
-47 -48 
-49 -50 
-49 -51 
-49 -52 
-49 -53 
-49 -54 
-49 -55 
-49 -56 
-50 -51 
-50 -52 
-50 -53 
-50 -54 
-50 -55 
-50 -56 
-51 -52 
-51 -53 
-51 -54 
-51 -55 
-51 -56 
-52 -53 
-52 -54 
-52 -55 
-52 -56 
-53 -54 
-53 -55 
-53 -56 
-54 -55 
-54 -56 
-55 -56 
-57 -58 
-57 -59 
-57 -60 
-57 -61 
-57 -62 
-57 -63 
-57 -64 
-58 -59 
-58 -60 
-58 -61 
-58 -62 
-58 -63 
-58 -64 
-59 -60 
-59 -61 
-59 -62 
-59 -63 
-59 -64 
-60 -61 
-60 -62 
-60 -63 
-60 -64 
-61 -62 
-61 -63 
-61 -64 
-62 -63 
-62 -64 
-63 -64 
0
1 A 1
2 A 2
3 A 3
4 A 4
5 A 5
6 A 6
7 A 7
8 A 8
9 B 1
10 B 2
11 B 3
12 B 4
13 B 5
14 B 6
15 B 7
16 B 8
17 C 1
18 C 2
19 C 3
20 C 4
21 C 5
22 C 6
23 C 7
24 C 8
25 D 1
26 D 2
27 D 3
28 D 4
29 D 5
30 D 6
31 D 7
32 D 8
33 E 1
34 E 2
35 E 3
36 E 4
37 E 5
38 E 6
39 E 7
40 E 8
41 F 1
42 F 2
43 F 3
44 F 4
45 F 5
46 F 6
47 F 7
48 F 8
49 G 1
50 G 2
51 G 3
52 G 4
53 G 5
54 G 6
55 G 7
56 G 8
57 H 1
58 H 2
59 H 3
60 H 4
61 H 5
62 H 6
63 H 7
64 H 8
